1455
3815
2482
355
3127
2
2535
2617
581
659
3205
1713
4091
1950
2185
921
2852
0
1864
1337
3923
2354
4259
2483
909
2875
20
2982
536
818
637
2029
3730
849
4128
2771
2056
3462
1528
2254
653
185
2580
4354
2664
460
884
229
4116
1416
2465
2531
2745
1329
1126
238
298
2854
966
3335
3748
734
2725
79
4327
174
1931
3758
1840
2175
2748
1144
708
1288
1634
286
2105
569
299
2719
2993
509
304
1272
1429
1259
2873
3835
3396
3931
1916
2188
210
114
2695
9
4102
4315
1067
1552
2126
778
3529
1761
261
2794
3753
2496
258
76
860
508
446
1132
364
3170
3614
3084
3034
441
631
1105
3880
2992
3407
2156
3423
1997
4373
3854
3868
138
3019
4105
3921
730
3360
3021
3761
54
926
3982
2847
4391
2582
1174
554
1738
1035
3058
2197
821
3470
1538
4100
191
2528
1396
2316
3181
2737
627
205
3660
3806
1541
4022
3945
830
1972
2488
1110
1408
733
386
3417
180
3905
3974
1048
3763
3795
1951
697
3690
2302
309
3841
673
311
601
3980
2351
1163
391
816
1015
773
423
4386
1261
3975
418
4281
2654
696
2137
2279
995
3378
2020
3381
2806
2612
2898
384
3265
2084
237
605
2778
3705
530
3903
471
1711
722
3946
1388
2193
1898
151
4362
3587
3413
2781
4255
1252
2070
1331
320
3588
264
1267
1728
445
771
3005
2655
3867
1788
2111
244
1095
927
929
3561
3151
3759
1025
90
1033
3164
3681
1056
2963
848
3926
1755
2590
1070
1819
211
1617
3865
2015
3871
784
4399
3279
3817
2814
532
2222
484
3192
2341
1564
4010
2964
1677
864
3018
2735
1354
704
2923
98
3874
1103
2035
591
3673
4053
2051
183
3214
3733
3523
2145
347
3682
2605
2897
1767
2264
2383
2798
4114
4159
967
470
691
535
978
2881
1479
2713
4232
4129
3570
255
2843
582
829
4304
2639
1099
643
1215
2275
1685
2532
2669
2384
1719
1086
4381
1970
3767
39
4372
3912
1565
3194
179
3100
173
2747
4061
2927
3724
2950
3517
2294
2057
4184
1848
74
1266
3812
2183
3485
3799
752
186
3840
69
774
1533
686
1364
3510
1766
2616
2470
3827
3247
600
2807
1501
4367
537
1806
1574
1143
756
1028
168
1777
3300
1659
640
1018
679
305
3958
4205
2281
3189
2508
2954
1299
4168
3207
1058
4070
362
1469
513
4382
1313
1805
2044
1445
1977
618
2249
3629
3768
1820
2855
2636
4348
4237
4258
70
2174
3547
729
4285
4074
1330
136
2481
2479
3666
1598
1420
2236
3366
474
2544
4383
1614
3399
3341
2817
1179
3330
597
1809
2947
2916
1141
890
3776
3774
3910
3549
2205
3186
887
3351
2569
3679
4165
906
1989
4393
4239
823
1480
461
668
2439
1774
1654
2691
2269
2047
4350
1771
1846
4001
502
1520
1255
1821
1423
4257
3978
3754
3908
3238
1853
1359
1861
2914
852
4213
3171
4154
3668
332
2900
1837
3630
3711
4357
1828
410
3757
2933
451
2990
2089
231
448
1160
4384
2192
3201
3111
329
4291
4025
397
2043
1948
1641
3308
4208
2625
3050
3842
462
2742
1566
2363
2471
3146
306
2073
161
1410
1101
996
3692
2991
1135
1716
716
846
1732
2375
1687
2952
2226
4136
2966
499
2666
3891
1034
3704
2076
3507
1817
3938
3416
3073
3020
3558
97
981
3464
271
1178
875
3990
895
3762
1968
851
2128
3989
2813
3646
109
2306
577
4200
1302
2120
1648
2239
4020
1689
482
2134
3677
2663
457
948
514
2504
4311
1298
1087
3735
889
1234
269
3988
404
943
3458
738
2440
3217
1145
3493
3966
4246
546
798
4036
1958
3860
2525
933
4263
3015
540
3929
1119
2809
4395
383
2883
1305
1994
3785
547
982
3209
1785
4309
3383
2209
3696
207
1085
73
3401
761
2346
757
3363
3426
726
2959
2884
2563
1385
3548
602
2507
3709
732
354
3554
2365
2266
1668
4175
1902
1583
2683
215
1581
2309
3374
1320
1260
3566
4014
2697
3036
1740
3573
2108
194
2042
1384
3440
1875
1507
3104
908
3359
584
2906
1956
1378
3263
1798
2189
2588
3395
293
867
3150
328
1478
2568
2981
4353
1758
4274
834
1166
693
1236
755
3451
3295
1833
3259
2062
29
3596
4079
551
861
4244
4198
2922
874
310
3922
4284
2736
1319
731
1151
1512
2767
3501
1573
2033
3343
1490
1235
2825
853
2819
1943
4201
1653
2390
3528
3613
1295
1402
628
157
1700
2161
1532
2581
3565
84
1225
4178
663
334
3639
2648
1698
4134
3353
944
2296
491
1911
27
1881
1168
4021
1855
1772
3969
893
3133
892
2478
1345
1165
847
2988
3173
195
4296
2250
3869
3928
563
2492
2821
3079
2859
4355
1572
1949
1147
516
1417
312
595
1624
356
1925
1595
2877
987
3391
1127
1153
3571
1159
3862
2995
253
1882
1475
2523
1903
2140
1996
552
1079
4206
2962
1879
3370
1851
1857
1381
685
3393
2893
2649
3210
1042
3386
1210
1104
2142
3373
2937
4345
2010
2844
466
3608
3952
594
3124
2874
3323
612
3140
660
1456
3579
3187
960
1784
3403
3486
2621
3208
3918
3069
2098
3123
1721
3794
2557
592
2656
2863
4077
1200
4204
4111
1907
1231
3605
3530
1626
1860
1976
938
907
1783
1068
2795
1945
2673
2793
4146
1205
3793
3900
1284
2289
2931
2858
1522
1004
3056
2078
957
764
608
2790
916
3543
3198
3828
1256
4009
4066
574
1818
2083
72
3732
3327
2124
1073
2681
1635
3592
1631
646
1983
351
45
2646
247
3898
419
2596
1053
1751
1038
3220
2909
274
181
2840
2461
3546
2768
406
2785
4049
1156
2454
204
4082
4390
1933
583
958
7
146
2267
2904
1937
1045
1835
1673
85
4233
1258
964
1630
2106
2672
2485
1822
1962
3594
3307
2434
1081
1188
1157
810
3499
1682
4050
3858
3095
2362
1107
414
437
905
1006
3622
3864
1191
2551
2259
770
1021
4323
1651
3045
911
2152
2553
1208
4051
4186
4086
2932
444
997
719
38
1836
3516
4112
92
2975
487
1117
4265
3615
3661
2463
1639
1489
4247
2526
799
2318
1778
4249
2031
505
3837
3970
3911
374
4303
2600
3899
1637
318
4398
1540
3612
3309
3016
3027
1201
2487
1655
3907
3564
542
4139
930
1615
1393
2131
36
2987
2971
2284
1212
94
973
942
901
3052
4151
3411
1291
2983
599
4158
1276
1093
2513
58
790
904
3728
3051
1621
3139
844
4055
1824
2447
4019
2361
1440
147
3161
992
3023
3244
259
2599
3991
3250
101
3973
159
1379
3773
4225
1273
742
4094
1807
541
4240
1453
1839
2677
288
3683
3159
503
2036
199
3604
3601
1607
2468
13
4084
1612
3643
325
439
3471
3717
1904
4088
3718
1550
2176
115
522
34
632
873
1228
3257
4108
2623
4115
1457
3746
373
3944
3042
1922
3397
1237
2102
2399
1966
4099
1122
3118
1083
3695
1862
1397
1041
176
2595
1529
2501
3134
3538
408
2753
1400
10
4266
962
1404
972
1278
3466
290
4064
3941
2466
2930
1203
2299
1845
3526
2593
748
1471
4378
1257
3153
3405
544
1488
1658
1563
3503
3115
557
1149
1350
2326
3598
4307
4062
1960
4056
4170
1391
3999
4180
341
452
2772
2048
3766
3271
257
2429
3352
4017
3700
740
2329
1441
2374
2158
3301
4054
998
1222
4207
2700
4360
2845
429
4123
3866
2170
765
3920
1628
4133
1349
3057
2442
838
2107
3012
3196
3408
3152
4104
292
2944
699
1530
4015
1118
1548
1559
3879
413
1537
1973
3002
850
4141
984
3004
1089
2746
3693
2949
1286
1493
3145
1831
1705
82
217
3273
1909
2114
1287
1974
883
1514
3232
1254
1223
1005
485
2144
1913
2212
4328
882
1518
1366
1577
140
2121
3334
1601
1776
3367
2398
3934
2555
1363
2224
2009
1088
1362
2524
3149
2153
2172
2783
3409
380
3788
1244
2460
3262
1924
1649
534
387
4282
1912
2025
974
416
952
3054
2270
2920
511
213
2053
3125
1010
1557
2091
2608
277
3805
1061
3231
1545
1346
212
3949
3382
2980
2626
4160
3825
2444
1187
1344
2925
1799
285
2353
4292
3193
3480
977
1810
2077
1940
2862
3065
3698
3031
4138
2857
227
4339
2842
677
489
827
3107
3790
4252
934
2876
1877
2721
1113
2762
3256
48
486
2919
4333
951
125
819
338
2130
3617
709
3000
475
3927
1588
2177
1207
2853
3950
2573
1032
2574
2967
564
2710
994
3415
2184
3584
1019
766
396
4346
1483
3979
768
2448
449
954
3454
855
2041
1854
4131
1730
2511
1323
1891
3628
4215
622
3438
4045
77
803
1148
3130
1993
339
3917
560
3148
2242
4312
565
254
3090
745
4109
4118
3174
1077
2759
1020
2452
2578
91
2530
690
3435
531
4210
4283
303
2245
2543
2885
841
2518
477
2464
2431
359
116
3344
3847
1830
3689
440
876
3241
2870
975
1176
800
609
203
3287
4173
1036
1729
3362
1961
4164
4194
689
2432
3097
57
1309
1221
2377
1843
2069
2132
1001
1464
3070
468
712
2704
1812
510
1138
4317
284
1293
1736
436
1739
3106
1211
4039
661
2394
1610
2752
3195
2799
2787
579
3669
3838
2256
2699
1921
492
1863
1142
4060
1590
3103
3770
1229
758
1995
625
3225
3129
991
1969
2879
1121
102
4069
878
3331
1696
3477
2850
935
2958
1932
3280
750
1555
1585
4380
739
1674
1190
2797
2049
2355
3527
651
1498
2071
1338
2453
2786
1999
3175
1706
2911
2684
1693
1197
2868
4385
3814
1283
3463
346
3953
687
3452
1375
3439
208
1050
53
3723
4034
4318
1725
1016
4006
1424
1436
3418
1593
1694
707
455
1217
507
2323
968
149
2218
100
3081
2871
2019
3829
688
78
2784
401
3296
649
4122
4256
2433
2293
112
792
1534
103
2297
4085
2572
2661
2319
4242
3721
2221
4148
700
3599
1678
4107
3647
4121
2706
3155
4106
4059
3430
2186
99
1462
724
808
4103
467
3894
3586
4169
1841
4332
1226
1102
2014
2502
128
1075
3729
3385
1443
1383
3014
106
420
2765
1726
3764
1227
3345
1629
1039
2313
3494
1046
1224
4029
880
2050
3831
1432
340
2816
2437
2094
623
3784
877
1661
710
3535
3843
3884
825
1905
1326
588
4031
2764
1394
3032
2829
1701
629
1747
1452
2754
2653
666
2006
567
529
1779
1317
2167
2965
1599
3906
2609
1447
197
3886
1745
2634
3384
1481
1883
3322
2618
61
1873
1438
2392
3895
3870
2912
2118
2045
2730
324
519
2090
703
1825
273
3760
202
2155
3568
694
3830
669
1131
1184
2303
4358
1492
2372
1618
1007
1154
2519
148
361
1627
1012
1603
3602
4370
650
3328
3268
980
86
1403
3557
3620
1795
1219
370
4306
3826
3514
169
2171
3789
1175
3165
1707
2456
3269
3731
3112
1567
3163
2833
2232
2138
4072
1332
4325
3318
4379
4387
898
3055
2940
2734
3846
2712
3697
17
2613
172
2503
2332
923
2509
1193
675
3618
1893
956
1473
2237
941
4179
3665
1066
845
2832
1169
721
1619
1876
3167
1941
2336
1535
3222
1290
224
294
2689
3569
2220
1496
3264
524
2231
2789
3851
3040
932
3821
1787
1194
672
60
2905
201
3336
4042
2312
37
193
2761
4336
2366
786
3655
3162
2698
130
2285
914
1461
2331
372
3959
228
1894
1613
4243
1789
1091
3850
225
129
2812
1511
1348
1695
3649
698
3483
330
3947
4397
2820
4286
2367
411
836
1829
3049
2733
2310
2997
3432
409
1625
3489
953
272
2438
1277
3412
2122
2450
25
2645
4005
2325
421
1869
1158
2827
366
1838
3609
3500
3102
2032
4341
725
165
2538
3593
3387
566
4162
2395
89
287
426
1136
806
3641
2474
713
4337
280
1676
2428
3143
3235
1314
3725
3659
754
2755
1243
113
278
24
2517
4338
1373
2458
4189
656
2679
506
3916
2307
718
1002
422
3339
1842
1570
3634
1476
2349
150
2822
2373
4298
3964
3083
2214
2936
2039
664
1768
500
3249
617
56
3670
683
999
2092
4144
3657
1406
1525
1569
4023
842
3502
3802
3810
1964
2005
1437
405
3221
751
2500
2834
1484
4152
2611
3957
1279
1172
705
3285
1347
1000
52
2263
2280
3985
1811
497
528
3392
931
3575
4267
1389
2724
1353
2607
4229
971
989
665
2178
2743
3582
2426
4250
326
4369
1644
3460
1697
1422
2037
4013
2547
4222
2546
62
2011
2352
3893
3556
3293
1571
2191
2864
68
2705
3082
2058
2146
4203
4117
937
379
2880
1531
2179
843
3740
1502
3144
3555
2339
4087
3071
3329
1401
3372
2516
3856
2240
2831
2135
606
1043
1604
1918
2115
1060
2892
976
2802
3299
3315
2512
245
1333
432
3176
4322
3775
2534
3317
3022
3236
3468
1967
1387
2727
291
3624
1542
337
3128
3583
3937
3820
2327
662
322
3253
3433
2545
3506
4193
2687
1605
1665
2013
1686
3715
3674
1923
3400
4057
2899
521
3131
817
3310
313
515
2631
438
2828
137
1454
3984
2696
4098
239
3009
3948
1594
443
2527
251
3822
2773
1051
3011
3901
2589
1030
4277
1301
4343
4299
1249
4214
494
495
31
3154
4147
1274
4000
562
1800
1022
3765
331
1072
3376
2262
2692
2356
1486
1425
4279
1930
769
342
1984
3889
1426
3495
4110
2376
1684
1982
2938
4124
4063
3252
1580
1587
3446
3876
3963
4127
2277
568
135
3607
3368
105
2960
4219
2839
398
1523
545
1509
1675
2151
4331
64
1506
3976
4076
3844
918
3997
3248
3897
1240
1355
2703
4052
4149
323
504
3637
1268
3427
3088
2658
2187
2929
3255
1335
2371
283
1318
1092
3199
3936
192
1296
1339
525
3818
1985
2000
1737
3245
3787
925
3524
2720
517
144
2321
3053
2080
1887
2344
3338
578
2163
1186
1847
638
3354
3431
1294
1508
66
4324
1180
198
4388
518
3402
3434
2894
1731
2150
3522
3678
2788
3653
3553
3230
488
3797
4269
913
93
335
3987
2335
3809
3671
4058
1562
4071
182
389
2861
3061
3572
3182
598
2198
1055
171
2808
2097
1418
3303
3965
4183
3337
2510
3449
2731
3039
1965
1325
1660
3136
1866
1140
3346
1662
1285
4268
1133
1014
2619
1575
463
2001
4093
2112
2330
1656
1804
154
33
3890
3703
3940
3076
1185
3188
1324
297
2917
3190
126
2359
3120
1849
1412
4308
2968
178
1936
3168
1241
1281
839
917
1026
3447
2732
1975
1859
681
1460
777
4375
3158
4150
2315
2446
3260
2088
1115
1844
2190
1884
2520
378
1544
787
141
4251
2104
1059
3048
1748
1009
3093
3476
1752
3422
3216
2558
979
388
1474
2585
1642
1986
3007
3314
3512
2627
1439
2846
3819
1303
1746
776
2986
4221
344
2860
1568
2061
2682
538
1446
4047
1448
2141
2180
1084
2311
1723
1586
2295
1503
3
3781
43
3046
4078
248
572
296
1803
2707
2219
2740
96
3742
2202
593
680
3276
3306
16
2889
3654
1247
3942
2228
3006
2215
1897
4092
348
4364
343
3302
2378
357
3706
4288
2476
131
2389
610
3881
2823
4155
959
533
590
2888
2298
2945
2064
1311
4187
1108
3552
3450
1289
775
315
3813
2364
1953
3664
3089
1906
2386
1078
3183
3667
3749
242
1269
3726
3783
119
553
2148
2459
3801
1139
586
2583
1664
450
3349
1409
3028
4192
3852
2514
4011
2129
3694
2060
3710
2642
633
3067
2969
862
3701
1669
3358
2169
2200
3425
833
2750
3769
1198
3626
717
3645
961
3443
4295
1742
319
737
2007
1946
1433
4254
4320
1934
3010
2586
2139
2811
2123
1419
2561
2708
4301
1062
1558
2536
548
1871
3597
2149
2756
797
3098
3745
1482
2477
2674
4008
1352
4314
3807
2738
2598
3166
1780
3213
2348
1900
3496
2644
865
3292
4389
4143
3219
1367
2890
3320
1944
2826
3421
153
805
3311
723
3691
2996
3518
3105
1192
2255
3141
2955
3563
2427
2665
1275
2630
4276
1321
1504
1763
2539
1334
2081
4181
4137
1636
1536
2338
2805
3863
1832
276
1782
1382
2549
3611
2903
1753
3060
2866
2562
155
456
2027
866
2643
2647
2096
2095
369
2216
158
3229
2195
3288
1657
1230
4012
2565
949
1233
4234
4080
464
3342
2143
1895
1868
30
3324
2651
868
3064
1874
920
520
4392
301
302
1369
647
2977
2017
3994
3738
1582
3224
1938
1760
2716
216
3444
3996
2244
1357
3954
289
1377
1248
4176
3261
558
1162
3737
108
3491
3853
1137
559
2913
3786
4090
1680
3930
3003
4235
2540
1497
2891
2066
4352
2635
1264
2685
1754
1733
3487
2110
2246
1057
2776
4319
1468
1430
3074
1371
788
3531
596
1177
1927
8
2830
6
1071
2086
2660
2760
3902
4140
117
899
3202
620
811
2766
2757
1315
3650
314
2002
2119
4007
793
1888
2690
1813
3441
2204
4344
3017
1251
1428
794
2622
236
1500
1670
753
3933
2065
2243
3380
3033
872
1650
3951
1407
4096
1195
3560
1920
1704
156
2486
209
3059
580
83
35
3777
65
2396
3537
1
824
1521
4188
4334
1477
1910
392
1524
333
3091
2360
11
3428
3741
2435
655
21
3101
3687
1815
55
190
1703
1467
2229
2632
3445
2484
431
4081
1444
2247
12
910
1671
1495
1196
2230
1209
110
2566
124
2075
990
1031
795
1560
2369
3581
3771
2921
3030
3448
1963
479
4024
4349
4035
2350
791
3283
1622
3410
2290
2225
425
1120
1372
2751
3804
2984
2957
1494
4329
2610
4305
2271
3121
607
2379
2168
1561
3113
3169
988
1116
433
4145
3389
1390
1632
2951
1991
1242
3782
4157
955
3676
1638
888
4032
3504
2985
2675
3574
4223
1816
4394
4156
1413
1899
4125
2796
2979
654
2157
2506
3633
1250
1125
3092
2867
3197
2469
3796
3068
3623
1435
2038
49
46
571
453
3983
1054
1901
1297
1322
950
200
4241
2292
3233
1886
2934
4174
4182
1097
2337
1082
2217
266
1611
674
3237
3848
3680
4260
2382
2117
2495
1709
476
1263
1939
3621
3008
3332
4216
3505
4113
3394
3080
4018
3029
2287
3873
3116
741
385
4280
1870
3688
1856
902
3266
3404
478
1216
2380
869
1892
3456
1310
1633
3955
1023
2571
3305
2603
2068
336
3326
527
603
3540
375
3967
4171
316
4202
1992
350
1111
1517
1998
1890
1047
2939
3913
667
2974
1358
3935
1549
3606
1312
1885
1929
2034
2493
613
2343
365
3811
1519
367
2678
233
1872
863
1465
1270
986
2059
2430
2570
3780
3212
3699
2948
270
3185
1342
490
2614
1826
2268
1908
1427
4248
714
2928
3226
2601
1672
1722
2770
1130
2810
616
4161
3223
232
2628
2878
947
1775
3591
3658
1715
3960
2441
1942
2961
881
512
1597
2235
1238
417
2499
1395
1399
3595
2443
1253
2594
3013
671
3035
835
2024
3390
3734
256
3559
3798
4330
127
859
3511
1691
2953
3747
2388
1718
243
3968
1750
308
2241
80
2902
139
2203
133
1343
4002
307
576
885
702
2147
2542
3849
3348
801
2804
2741
4313
3459
4366
3227
3420
1181
1717
3126
1889
2722
4195
1114
3839
2886
963
2577
2320
262
2082
1434
854
3567
3340
111
2597
403
1392
1505
4294
1368
3475
3824
897
3861
3943
87
3534
1646
746
695
970
3509
2575
22
1801
2537
3685
3779
2763
2274
1808
214
3644
51
3180
2670
2385
226
1971
692
796
4293
4043
358
435
2849
4321
3077
2381
3521
4132
3888
2449
2856
2305
1459
2210
3388
295
4041
402
3532
736
428
42
3636
3047
1128
3179
813
1214
2260
267
2283
2251
393
715
4068
3414
121
3243
458
1008
4368
3160
1463
2728
2633
2046
939
2662
3312
3043
1164
1834
3461
4126
2711
3750
2333
626
3184
2490
1245
3297
2258
969
4196
2272
2837
3482
3631
3206
3875
3469
639
4075
2908
3638
1155
2529
3914
480
4261
3275
2872
2851
145
1370
3274
840
2739
2257
587
221
2074
936
2824
2182
1458
2451
241
184
837
4342
3541
1112
2063
152
189
624
3939
1074
870
780
2769
2252
642
1878
1146
4065
1466
50
3361
1044
4376
166
3289
2067
371
4371
3800
2638
1915
26
3479
561
1592
3550
2291
2103
4316
3110
614
